Id,subject_1,subject_2,subject_3,subject_4,subject_5,subject_6,subject_7,subject_8
0,0.003204345703125000,0.004745483398437500,0.002777099609375000,0.004608154296875000,0.008453369140625000,0.017181396484375000,0.958236694335937500,0.000793457031250000
1,0.072113037109375000,0.079238891601562500,0.099746704101562500,0.112228393554687500,0.193664550781250000,0.126174926757812500,0.064620971679687500,0.252212524414062500
2,0.031311035156250000,0.046646118164062500,0.001174926757812500,0.044692993164062500,0.135375976562500000,0.276885986328125000,0.344375610351562500,0.119537353515625000
3,0.053421020507812500,0.749588012695312500,0.029556274414062500,0.092224121093750000,0.035415649414062500,0.001892089843750000,0.029129028320312500,0.008773803710937500
4,0.100326538085937500,0.058792114257812500,0.081176757812500000,0.042678833007812500,0.476043701171875000,0.021667480468750000,0.111740112304687500,0.107574462890625000
5,0.073440551757812500,0.012817382812500000,0.459701538085937500,0.011627197265625000,0.092575073242187500,0.258407592773437500,0.081649780273437500,0.009780883789062500
6,0.039108276367187500,0.053390502929687500,0.715133666992187500,0.028427124023437500,0.115371704101562500,0.034179687500000000,0.009689331054687500,0.004699707031250000
7,0.023437500000000000,0.042968750000000000,0.781250000000000000,0.003906250000000000,0.000000000000000000,0.007812500000000000,0.003906250000000000,0.136718750000000000
8,0.232849121093750000,0.208068847656250000,0.003387451171875000,0.001647949218750000,0.359954833984375000,0.064971923828125000,0.008178710937500000,0.120941162109375000
9,0.006851196289062500,0.010101318359375000,0.003005981445312500,0.868759155273437500,0.011306762695312500,0.028869628906250000,0.028015136718750000,0.043090820312500000
10,0.000457763671875000,0.000823974609375000,0.154296875000000000,0.551788330078125000,0.001190185546875000,0.016723632812500000,0.095550537109375000,0.179168701171875000
11,0.003662109375000000,0.016738891601562500,0.003555297851562500,0.106353759765625000,0.071762084960937500,0.029312133789062500,0.178497314453125000,0.590118408203125000
12,0.113525390625000000,0.325851440429687500,0.091461181640625000,0.181930541992187500,0.062042236328125000,0.040435791015625000,0.098907470703125000,0.085845947265625000
13,0.057205200195312500,0.019058227539062500,0.086334228515625000,0.075363159179687500,0.055374145507812500,0.653152465820312500,0.029495239257812500,0.024017333984375000
14,0.013763427734375000,0.031814575195312500,0.031494140625000000,0.180480957031250000,0.034255981445312500,0.047164916992187500,0.163589477539062500,0.497436523437500000
15,0.000564575195312500,0.988739013671875000,0.000045776367187500,0.000854492187500000,0.004180908203125000,0.000228881835937500,0.004974365234375000,0.000411987304687500
16,0.015884399414062500,0.031417846679687500,0.105697631835937500,0.195892333984375000,0.067565917968750000,0.029464721679687500,0.070632934570312500,0.483444213867187500
17,0.004669189453125000,0.004333496093750000,0.855026245117187500,0.052658081054687500,0.028747558593750000,0.036865234375000000,0.001602172851562500,0.016098022460937500
18,0.008041381835937500,0.004913330078125000,0.000671386718750000,0.000000000000000000,0.008346557617187500,0.008728027343750000,0.000442504882812500,0.968856811523437500
19,0.008285522460937500,0.000350952148437500,0.001632690429687500,0.964630126953125000,0.006225585937500000,0.003128051757812500,0.002944946289062500,0.012802124023437500
20,0.847656250000000000,0.015625000000000000,0.000000000000000000,0.000000000000000000,0.078125000000000000,0.003906250000000000,0.000000000000000000,0.054687500000000000
21,0.000808715820312500,0.000930786132812500,0.000000000000000000,0.000000000000000000,0.005126953125000000,0.992202758789062500,0.000000000000000000,0.000930786132812500
22,0.960937500000000000,0.011718750000000000,0.000000000000000000,0.000000000000000000,0.011718750000000000,0.000000000000000000,0.000000000000000000,0.015625000000000000
23,0.008850097656250000,0.007934570312500000,0.067092895507812500,0.439254760742187500,0.003601074218750000,0.050338745117187500,0.246017456054687500,0.176910400390625000
24,0.045394897460937500,0.037353515625000000,0.074783325195312500,0.038208007812500000,0.048583984375000000,0.592437744140625000,0.080398559570312500,0.082839965820312500
25,0.003906250000000000,0.015625000000000000,0.640625000000000000,0.011718750000000000,0.011718750000000000,0.191406250000000000,0.039062500000000000,0.085937500000000000
26,0.041717529296875000,0.008682250976562500,0.605270385742187500,0.005828857421875000,0.086502075195312500,0.112396240234375000,0.131423950195312500,0.008178710937500000
27,0.769699096679687500,0.016220092773437500,0.016571044921875000,0.068176269531250000,0.057632446289062500,0.031799316406250000,0.022277832031250000,0.017623901367187500
28,0.889556884765625000,0.031677246093750000,0.002517700195312500,0.000991821289062500,0.055282592773437500,0.003540039062500000,0.000961303710937500,0.015472412109375000
29,0.261672973632812500,0.054946899414062500,0.092544555664062500,0.107894897460937500,0.215621948242187500,0.073699951171875000,0.160705566406250000,0.032913208007812500
30,0.028427124023437500,0.018234252929687500,0.000946044921875000,0.000274658203125000,0.882720947265625000,0.020980834960937500,0.001434326171875000,0.046981811523437500
31,0.087478637695312500,0.044601440429687500,0.051651000976562500,0.098953247070312500,0.238540649414062500,0.228805541992187500,0.208816528320312500,0.041152954101562500
32,0.139556884765625000,0.145309448242187500,0.082580566406250000,0.170883178710937500,0.096862792968750000,0.045547485351562500,0.164093017578125000,0.155166625976562500
33,0.000000000000000000,0.000000000000000000,0.000000000000000000,0.000000000000000000,0.000000000000000000,1.000000000000000000,0.000000000000000000,0.000000000000000000
34,0.047225952148437500,0.022659301757812500,0.176971435546875000,0.532485961914062500,0.086898803710937500,0.077133178710937500,0.030120849609375000,0.026504516601562500
35,0.002212524414062500,0.001464843750000000,0.001434326171875000,0.019744873046875000,0.075286865234375000,0.044189453125000000,0.850509643554687500,0.005157470703125000
36,0.044921875000000000,0.012802124023437500,0.011581420898437500,0.167999267578125000,0.573959350585937500,0.111694335937500000,0.059692382812500000,0.017349243164062500
37,0.006591796875000000,0.005828857421875000,0.002853393554687500,0.033981323242187500,0.026260375976562500,0.010574340820312500,0.019561767578125000,0.894348144531250000
38,0.004074096679687500,0.000045776367187500,0.012191772460937500,0.001434326171875000,0.875518798828125000,0.008895874023437500,0.078323364257812500,0.019515991210937500
39,0.022125244140625000,0.014831542968750000,0.054885864257812500,0.038223266601562500,0.025543212890625000,0.021911621093750000,0.022476196289062500,0.800003051757812500
40,0.064407348632812500,0.028579711914062500,0.031433105468750000,0.029144287109375000,0.048553466796875000,0.042846679687500000,0.699447631835937500,0.055587768554687500
41,0.004974365234375000,0.000396728515625000,0.000885009765625000,0.016616821289062500,0.018569946289062500,0.009719848632812500,0.004989624023437500,0.943847656250000000
42,0.151977539062500000,0.022903442382812500,0.046920776367187500,0.038635253906250000,0.071090698242187500,0.030273437500000000,0.029693603515625000,0.608505249023437500
43,0.133529663085937500,0.758636474609375000,0.004409790039062500,0.009338378906250000,0.036895751953125000,0.024871826171875000,0.017578125000000000,0.014739990234375000
44,0.000000000000000000,0.000000000000000000,0.000000000000000000,0.000000000000000000,0.003906250000000000,0.000000000000000000,0.000000000000000000,0.996093750000000000
45,0.024002075195312500,0.009994506835937500,0.065917968750000000,0.032333374023437500,0.104095458984375000,0.332031250000000000,0.067550659179687500,0.364074707031250000
46,0.004333496093750000,0.000213623046875000,0.002105712890625000,0.003906250000000000,0.985488891601562500,0.000030517578125000,0.000030517578125000,0.003890991210937500
47,0.005035400390625000,0.003890991210937500,0.002975463867187500,0.121566772460937500,0.073989868164062500,0.044052124023437500,0.035583496093750000,0.712905883789062500
48,0.055496215820312500,0.686508178710937500,0.022567749023437500,0.142059326171875000,0.034698486328125000,0.016769409179687500,0.018798828125000000,0.023101806640625000
49,0.973312377929687500,0.001113891601562500,0.001419067382812500,0.009078979492187500,0.000732421875000000,0.009475708007812500,0.004379272460937500,0.000488281250000000
50,0.093658447265625000,0.018661499023437500,0.088989257812500000,0.043670654296875000,0.346771240234375000,0.253952026367187500,0.114547729492187500,0.039749145507812500
51,0.031539916992187500,0.054031372070312500,0.643371582031250000,0.040985107421875000,0.132141113281250000,0.000503540039062500,0.081451416015625000,0.015975952148437500
52,0.051635742187500000,0.092559814453125000,0.136795043945312500,0.144241333007812500,0.203384399414062500,0.056945800781250000,0.097290039062500000,0.217147827148437500
53,0.130111694335937500,0.764846801757812500,0.000000000000000000,0.000000000000000000,0.055557250976562500,0.007232666015625000,0.000000000000000000,0.042251586914062500
54,0.090316772460937500,0.061233520507812500,0.096374511718750000,0.090850830078125000,0.169830322265625000,0.201950073242187500,0.067520141601562500,0.221923828125000000
55,0.016098022460937500,0.004058837890625000,0.002471923828125000,0.007797241210937500,0.008438110351562500,0.003936767578125000,0.957199096679687500,0.000000000000000000
56,0.618026733398437500,0.017669677734375000,0.017913818359375000,0.096893310546875000,0.126937866210937500,0.050079345703125000,0.067825317382812500,0.004653930664062500
57,0.077438354492187500,0.042999267578125000,0.001617431640625000,0.000274658203125000,0.717483520507812500,0.018905639648437500,0.001510620117187500,0.139770507812500000
58,0.002273559570312500,0.001007080078125000,0.961868286132812500,0.009384155273437500,0.006744384765625000,0.003967285156250000,0.004989624023437500,0.009765625000000000
59,0.069641113281250000,0.020751953125000000,0.197494506835937500,0.066879272460937500,0.094116210937500000,0.339065551757812500,0.166305541992187500,0.045745849609375000
60,0.003906250000000000,0.000000000000000000,0.000000000000000000,0.019531250000000000,0.054687500000000000,0.007812500000000000,0.902343750000000000,0.011718750000000000
61,0.079162597656250000,0.639434814453125000,0.031143188476562500,0.063354492187500000,0.114715576171875000,0.026275634765625000,0.023391723632812500,0.022521972656250000
62,0.010681152343750000,0.022125244140625000,0.000228881835937500,0.027145385742187500,0.624877929687500000,0.024322509765625000,0.202117919921875000,0.088500976562500000
63,0.012435913085937500,0.000640869140625000,0.009597778320312500,0.016479492187500000,0.922729492187500000,0.018600463867187500,0.014328002929687500,0.005187988281250000
64,0.019927978515625000,0.015594482421875000,0.097732543945312500,0.130676269531250000,0.112564086914062500,0.084899902343750000,0.061981201171875000,0.476623535156250000
65,0.043899536132812500,0.880294799804687500,0.007202148437500000,0.013198852539062500,0.036331176757812500,0.004104614257812500,0.013442993164062500,0.001525878906250000
66,0.005386352539062500,0.013916015625000000,0.004287719726562500,0.859619140625000000,0.009246826171875000,0.017944335937500000,0.033035278320312500,0.056564331054687500
67,0.001159667968750000,0.002365112304687500,0.651657104492187500,0.285598754882812500,0.037429809570312500,0.017105102539062500,0.002731323242187500,0.001953125000000000
68,0.029937744140625000,0.014572143554687500,0.010879516601562500,0.016220092773437500,0.087600708007812500,0.179428100585937500,0.648132324218750000,0.013229370117187500
69,0.087417602539062500,0.011703491210937500,0.091613769531250000,0.101379394531250000,0.165710449218750000,0.462036132812500000,0.019515991210937500,0.060623168945312500
70,0.035659790039062500,0.004974365234375000,0.000595092773437500,0.000015258789062500,0.014053344726562500,0.012435913085937500,0.000350952148437500,0.931915283203125000
71,0.023986816406250000,0.938201904296875000,0.013183593750000000,0.001205444335937500,0.009658813476562500,0.006301879882812500,0.002517700195312500,0.004943847656250000
72,0.075012207031250000,0.020141601562500000,0.070968627929687500,0.033996582031250000,0.185073852539062500,0.064437866210937500,0.508514404296875000,0.041854858398437500
73,0.379943847656250000,0.012237548828125000,0.101226806640625000,0.066436767578125000,0.107452392578125000,0.167037963867187500,0.098617553710937500,0.067047119140625000
74,0.138427734375000000,0.006286621093750000,0.044662475585937500,0.001831054687500000,0.040557861328125000,0.730484008789062500,0.025863647460937500,0.011886596679687500
75,0.060668945312500000,0.074295043945312500,0.013977050781250000,0.080703735351562500,0.089920043945312500,0.012771606445312500,0.644866943359375000,0.022796630859375000
76,0.122802734375000000,0.153152465820312500,0.044143676757812500,0.030136108398437500,0.453842163085937500,0.011367797851562500,0.178054809570312500,0.006500244140625000
77,0.027435302734375000,0.384475708007812500,0.254882812500000000,0.039047241210937500,0.120605468750000000,0.086029052734375000,0.016159057617187500,0.071365356445312500
78,0.026443481445312500,0.009902954101562500,0.103729248046875000,0.048690795898437500,0.108306884765625000,0.174667358398437500,0.032379150390625000,0.495880126953125000
79,0.067016601562500000,0.640121459960937500,0.029953002929687500,0.058929443359375000,0.068313598632812500,0.068923950195312500,0.048629760742187500,0.018112182617187500
80,0.000427246093750000,0.000320434570312500,0.005035400390625000,0.001846313476562500,0.009552001953125000,0.038803100585937500,0.937377929687500000,0.006637573242187500
81,0.000000000000000000,0.980468750000000000,0.011718750000000000,0.000000000000000000,0.000000000000000000,0.003906250000000000,0.000000000000000000,0.003906250000000000
82,0.016372680664062500,0.931747436523437500,0.002227783203125000,0.010574340820312500,0.012908935546875000,0.012619018554687500,0.007644653320312500,0.005905151367187500
83,0.023101806640625000,0.019088745117187500,0.069763183593750000,0.087875366210937500,0.432861328125000000,0.199645996093750000,0.098648071289062500,0.069015502929687500
84,0.018295288085937500,0.953247070312500000,0.012756347656250000,0.004318237304687500,0.006362915039062500,0.001083374023437500,0.001419067382812500,0.002517700195312500
85,0.100204467773437500,0.045715332031250000,0.000000000000000000,0.000000000000000000,0.360809326171875000,0.241210937500000000,0.000000000000000000,0.252059936523437500
86,0.076095581054687500,0.036804199218750000,0.723175048828125000,0.029205322265625000,0.120819091796875000,0.004623413085937500,0.002059936523437500,0.007217407226562500
87,0.061523437500000000,0.691574096679687500,0.055206298828125000,0.034988403320312500,0.102798461914062500,0.027023315429687500,0.024810791015625000,0.002075195312500000
88,0.008132934570312500,0.011474609375000000,0.002807617187500000,0.357070922851562500,0.048843383789062500,0.364364624023437500,0.201690673828125000,0.005615234375000000
89,0.001541137695312500,0.007537841796875000,0.000289916992187500,0.004684448242187500,0.004608154296875000,0.979141235351562500,0.001159667968750000,0.001037597656250000
90,0.013092041015625000,0.010192871093750000,0.002059936523437500,0.783157348632812500,0.011993408203125000,0.075332641601562500,0.045913696289062500,0.058258056640625000
91,0.000671386718750000,0.000930786132812500,0.000000000000000000,0.000000000000000000,0.001266479492187500,0.996093750000000000,0.000000000000000000,0.001037597656250000
92,0.048416137695312500,0.081863403320312500,0.338439941406250000,0.096420288085937500,0.307174682617187500,0.025390625000000000,0.051620483398437500,0.050674438476562500
93,0.007812500000000000,0.000000000000000000,0.003906250000000000,0.003906250000000000,0.011718750000000000,0.007812500000000000,0.007812500000000000,0.957031250000000000
94,0.024673461914062500,0.107849121093750000,0.043167114257812500,0.749176025390625000,0.023742675781250000,0.003982543945312500,0.043289184570312500,0.004119873046875000
95,0.000000000000000000,0.000000000000000000,0.011718750000000000,0.003906250000000000,0.000000000000000000,0.000000000000000000,0.980468750000000000,0.003906250000000000
96,0.117996215820312500,0.038970947265625000,0.038848876953125000,0.129150390625000000,0.111755371093750000,0.159408569335937500,0.377410888671875000,0.026458740234375000
97,0.752426147460937500,0.015045166015625000,0.000320434570312500,0.067092895507812500,0.058380126953125000,0.051269531250000000,0.039535522460937500,0.015930175781250000
98,0.265594482421875000,0.033416748046875000,0.069396972656250000,0.043838500976562500,0.074920654296875000,0.025070190429687500,0.474838256835937500,0.012924194335937500
99,0.117630004882812500,0.145477294921875000,0.049560546875000000,0.122863769531250000,0.132293701171875000,0.113525390625000000,0.233856201171875000,0.084793090820312500
100,0.015579223632812500,0.015609741210937500,0.003890991210937500,0.015151977539062500,0.003890991210937500,0.008041381835937500,0.003952026367187500,0.933883666992187500
101,0.005462646484375000,0.963668823242187500,0.000335693359375000,0.019638061523437500,0.005935668945312500,0.003372192382812500,0.000778198242187500,0.000808715820312500
102,0.039978027343750000,0.051254272460937500,0.094741821289062500,0.102584838867187500,0.105651855468750000,0.413635253906250000,0.075531005859375000,0.116622924804687500
103,0.022094726562500000,0.006500244140625000,0.005477905273437500,0.003265380859375000,0.013778686523437500,0.017684936523437500,0.003555297851562500,0.927642822265625000
104,0.026184082031250000,0.017028808593750000,0.046859741210937500,0.160873413085937500,0.317672729492187500,0.113906860351562500,0.283706665039062500,0.033767700195312500
105,0.007202148437500000,0.007629394531250000,0.001602172851562500,0.014785766601562500,0.020629882812500000,0.932998657226562500,0.007797241210937500,0.007354736328125000
106,0.015625000000000000,0.003906250000000000,0.238281250000000000,0.011718750000000000,0.054687500000000000,0.515625000000000000,0.101562500000000000,0.058593750000000000
107,0.006881713867187500,0.006637573242187500,0.875045776367187500,0.079498291015625000,0.015228271484375000,0.007308959960937500,0.006423950195312500,0.002975463867187500
108,0.051666259765625000,0.695449829101562500,0.022201538085937500,0.014373779296875000,0.040100097656250000,0.095825195312500000,0.023025512695312500,0.057357788085937500
109,0.017318725585937500,0.008880615234375000,0.047027587890625000,0.032577514648437500,0.500549316406250000,0.042617797851562500,0.340621948242187500,0.010406494140625000
110,0.413406372070312500,0.011306762695312500,0.069061279296875000,0.095764160156250000,0.098617553710937500,0.165542602539062500,0.073120117187500000,0.073181152343750000
111,0.106475830078125000,0.074615478515625000,0.060531616210937500,0.148742675781250000,0.154998779296875000,0.272232055664062500,0.105987548828125000,0.076416015625000000
112,0.035400390625000000,0.018280029296875000,0.068649291992187500,0.140441894531250000,0.185165405273437500,0.149185180664062500,0.357620239257812500,0.045257568359375000
113,0.019531250000000000,0.000000000000000000,0.015625000000000000,0.003906250000000000,0.914062500000000000,0.011718750000000000,0.015625000000000000,0.019531250000000000
114,0.085937500000000000,0.011718750000000000,0.000000000000000000,0.015625000000000000,0.023437500000000000,0.015625000000000000,0.847656250000000000,0.000000000000000000
115,0.911499023437500000,0.003875732421875000,0.018554687500000000,0.008575439453125000,0.019805908203125000,0.021545410156250000,0.007904052734375000,0.008239746093750000
116,0.079986572265625000,0.056015014648437500,0.026779174804687500,0.134765625000000000,0.224761962890625000,0.023666381835937500,0.197387695312500000,0.256637573242187500
117,0.040832519531250000,0.025711059570312500,0.055847167968750000,0.128753662109375000,0.227188110351562500,0.177291870117187500,0.300796508789062500,0.043579101562500000
118,0.226379394531250000,0.190185546875000000,0.059661865234375000,0.141983032226562500,0.141830444335937500,0.068389892578125000,0.102050781250000000,0.069519042968750000
119,0.019683837890625000,0.946350097656250000,0.023666381835937500,0.005172729492187500,0.000488281250000000,0.004043579101562500,0.000427246093750000,0.000167846679687500
120,0.038482666015625000,0.123321533203125000,0.013275146484375000,0.054656982421875000,0.097000122070312500,0.128112792968750000,0.068161010742187500,0.476989746093750000
121,0.000000000000000000,0.000000000000000000,0.984375000000000000,0.015625000000000000,0.000000000000000000,0.000000000000000000,0.000000000000000000,0.000000000000000000
122,0.013366699218750000,0.020294189453125000,0.054870605468750000,0.121200561523437500,0.084228515625000000,0.081634521484375000,0.132019042968750000,0.492385864257812500
123,0.054321289062500000,0.050384521484375000,0.019561767578125000,0.738388061523437500,0.046630859375000000,0.001342773437500000,0.065979003906250000,0.023391723632812500
124,0.000000000000000000,0.000000000000000000,0.007812500000000000,0.003906250000000000,0.003906250000000000,0.003906250000000000,0.980468750000000000,0.000000000000000000
125,0.032470703125000000,0.011917114257812500,0.037536621093750000,0.083389282226562500,0.066238403320312500,0.053680419921875000,0.115539550781250000,0.599227905273437500
126,0.063064575195312500,0.007614135742187500,0.102737426757812500,0.028732299804687500,0.067565917968750000,0.634658813476562500,0.081802368164062500,0.013824462890625000
127,0.014663696289062500,0.032913208007812500,0.041778564453125000,0.186508178710937500,0.060745239257812500,0.061553955078125000,0.116653442382812500,0.485183715820312500
128,0.009353637695312500,0.960296630859375000,0.002227783203125000,0.007843017578125000,0.004165649414062500,0.003829956054687500,0.009780883789062500,0.002502441406250000
129,0.087112426757812500,0.164840698242187500,0.051391601562500000,0.045074462890625000,0.313262939453125000,0.301849365234375000,0.013931274414062500,0.022537231445312500
130,0.000534057617187500,0.004196166992187500,0.001220703125000000,0.001373291015625000,0.010742187500000000,0.037643432617187500,0.939758300781250000,0.004531860351562500
131,0.327499389648437500,0.047744750976562500,0.105621337890625000,0.028518676757812500,0.256683349609375000,0.086227416992187500,0.111358642578125000,0.036346435546875000
132,0.021560668945312500,0.002883911132812500,0.026596069335937500,0.812591552734375000,0.071365356445312500,0.015060424804687500,0.016204833984375000,0.033737182617187500
133,0.026489257812500000,0.002853393554687500,0.061676025390625000,0.544723510742187500,0.148391723632812500,0.070358276367187500,0.048736572265625000,0.096771240234375000
134,0.020706176757812500,0.031738281250000000,0.198669433593750000,0.419586181640625000,0.054321289062500000,0.039093017578125000,0.114456176757812500,0.121429443359375000
135,0.046173095703125000,0.026855468750000000,0.057586669921875000,0.563232421875000000,0.134216308593750000,0.003021240234375000,0.133941650390625000,0.034973144531250000
136,0.031661987304687500,0.067199707031250000,0.026153564453125000,0.097793579101562500,0.147064208984375000,0.031250000000000000,0.057052612304687500,0.541824340820312500
137,0.011718750000000000,0.000000000000000000,0.011718750000000000,0.906250000000000000,0.007812500000000000,0.050781250000000000,0.003906250000000000,0.007812500000000000
138,0.105285644531250000,0.000000000000000000,0.044845581054687500,0.004135131835937500,0.024948120117187500,0.795425415039062500,0.023666381835937500,0.001693725585937500
139,0.011779785156250000,0.009490966796875000,0.117172241210937500,0.057968139648437500,0.147903442382812500,0.158676147460937500,0.044967651367187500,0.452041625976562500
140,0.003906250000000000,0.000000000000000000,0.000000000000000000,0.000000000000000000,0.000000000000000000,0.000000000000000000,0.000000000000000000,0.996093750000000000
141,0.003906250000000000,0.000000000000000000,0.000000000000000000,0.007812500000000000,0.980468750000000000,0.000000000000000000,0.003906250000000000,0.003906250000000000
142,0.011947631835937500,0.075531005859375000,0.002990722656250000,0.017349243164062500,0.022811889648437500,0.827621459960937500,0.019195556640625000,0.022552490234375000
143,0.055847167968750000,0.011672973632812500,0.022659301757812500,0.104217529296875000,0.246459960937500000,0.246963500976562500,0.259384155273437500,0.052795410156250000
144,0.019195556640625000,0.011306762695312500,0.024536132812500000,0.154693603515625000,0.074310302734375000,0.051239013671875000,0.058929443359375000,0.605789184570312500
145,0.000000000000000000,0.000000000000000000,0.000000000000000000,0.000000000000000000,0.003906250000000000,0.003906250000000000,0.992187500000000000,0.000000000000000000
146,0.016021728515625000,0.016296386718750000,0.062957763671875000,0.048736572265625000,0.017166137695312500,0.145278930664062500,0.079605102539062500,0.613937377929687500
147,0.090194702148437500,0.024642944335937500,0.096923828125000000,0.041915893554687500,0.398437500000000000,0.140899658203125000,0.159118652343750000,0.047866821289062500
148,0.019531250000000000,0.585937500000000000,0.027343750000000000,0.070312500000000000,0.093750000000000000,0.082031250000000000,0.050781250000000000,0.070312500000000000
149,0.103469848632812500,0.030502319335937500,0.009506225585937500,0.632904052734375000,0.053207397460937500,0.066329956054687500,0.069595336914062500,0.034484863281250000
150,0.086395263671875000,0.038879394531250000,0.000152587890625000,0.000137329101562500,0.084121704101562500,0.584411621093750000,0.000091552734375000,0.205810546875000000
151,0.930770874023437500,0.008239746093750000,0.000076293945312500,0.020187377929687500,0.008087158203125000,0.019943237304687500,0.008407592773437500,0.004287719726562500
152,0.005294799804687500,0.016403198242187500,0.003967285156250000,0.957504272460937500,0.008071899414062500,0.000122070312500000,0.008422851562500000,0.000213623046875000
153,0.039031982421875000,0.029434204101562500,0.007659912109375000,0.806396484375000000,0.006683349609375000,0.008621215820312500,0.082550048828125000,0.019622802734375000
154,0.204284667968750000,0.031951904296875000,0.099029541015625000,0.283538818359375000,0.148437500000000000,0.098602294921875000,0.090896606445312500,0.043258666992187500
155,0.107681274414062500,0.136962890625000000,0.055801391601562500,0.450637817382812500,0.094482421875000000,0.031051635742187500,0.097412109375000000,0.025970458984375000
156,0.897918701171875000,0.028045654296875000,0.000198364257812500,0.023254394531250000,0.020462036132812500,0.016021728515625000,0.009765625000000000,0.004333496093750000
157,0.972656250000000000,0.007812500000000000,0.000000000000000000,0.000000000000000000,0.007812500000000000,0.000000000000000000,0.000000000000000000,0.011718750000000000
158,0.142623901367187500,0.544891357421875000,0.040756225585937500,0.022476196289062500,0.039199829101562500,0.121582031250000000,0.051940917968750000,0.036529541015625000
159,0.133956909179687500,0.085128784179687500,0.059844970703125000,0.181289672851562500,0.423477172851562500,0.021148681640625000,0.063415527343750000,0.031738281250000000
160,0.943481445312500000,0.002380371093750000,0.017425537109375000,0.006210327148437500,0.010208129882812500,0.016952514648437500,0.002334594726562500,0.001007080078125000
161,0.023437500000000000,0.011718750000000000,0.000000000000000000,0.027343750000000000,0.019531250000000000,0.011718750000000000,0.902343750000000000,0.003906250000000000
162,0.000488281250000000,0.001434326171875000,0.016891479492187500,0.925796508789062500,0.018280029296875000,0.014022827148437500,0.016387939453125000,0.006698608398437500
163,0.833282470703125000,0.015899658203125000,0.000228881835937500,0.039840698242187500,0.039230346679687500,0.031356811523437500,0.035827636718750000,0.004333496093750000
164,0.025588989257812500,0.917984008789062500,0.002441406250000000,0.015716552734375000,0.015365600585937500,0.008438110351562500,0.011001586914062500,0.003463745117187500
165,0.007675170898437500,0.014205932617187500,0.465835571289062500,0.015853881835937500,0.480316162109375000,0.009140014648437500,0.001724243164062500,0.005249023437500000
166,0.196746826171875000,0.126358032226562500,0.026260375976562500,0.055770874023437500,0.246673583984375000,0.195175170898437500,0.119567871093750000,0.033447265625000000
167,0.039657592773437500,0.900588989257812500,0.002655029296875000,0.000640869140625000,0.017852783203125000,0.010665893554687500,0.001113891601562500,0.026824951171875000
168,0.035003662109375000,0.005187988281250000,0.000000000000000000,0.000000000000000000,0.912017822265625000,0.003875732421875000,0.000000000000000000,0.043914794921875000
169,0.101562500000000000,0.027343750000000000,0.015625000000000000,0.750000000000000000,0.046875000000000000,0.015625000000000000,0.000000000000000000,0.042968750000000000
170,0.055892944335937500,0.867141723632812500,0.006622314453125000,0.015960693359375000,0.017150878906250000,0.026321411132812500,0.004928588867187500,0.005981445312500000
171,0.004516601562500000,0.000839233398437500,0.006683349609375000,0.028076171875000000,0.035217285156250000,0.840362548828125000,0.068069458007812500,0.016235351562500000
172,0.000000000000000000,0.000000000000000000,0.000000000000000000,0.007812500000000000,0.003906250000000000,0.003906250000000000,0.003906250000000000,0.980468750000000000
173,0.029022216796875000,0.024887084960937500,0.128738403320312500,0.103210449218750000,0.107543945312500000,0.076217651367187500,0.025848388671875000,0.504531860351562500
174,0.018463134765625000,0.064270019531250000,0.022857666015625000,0.054824829101562500,0.120132446289062500,0.094726562500000000,0.106094360351562500,0.518630981445312500
175,0.000000000000000000,0.000000000000000000,0.000000000000000000,0.000000000000000000,0.000000000000000000,0.000000000000000000,0.000000000000000000,1.000000000000000000
176,0.044616699218750000,0.068603515625000000,0.315093994140625000,0.108123779296875000,0.355377197265625000,0.013702392578125000,0.054031372070312500,0.040451049804687500
177,0.005935668945312500,0.001586914062500000,0.021377563476562500,0.029571533203125000,0.793838500976562500,0.027572631835937500,0.113449096679687500,0.006668090820312500
178,0.000000000000000000,0.000000000000000000,0.000000000000000000,0.000000000000000000,0.031250000000000000,0.933593750000000000,0.035156250000000000,0.000000000000000000
179,0.145278930664062500,0.595382690429687500,0.048583984375000000,0.037277221679687500,0.088760375976562500,0.028137207031250000,0.037872314453125000,0.018707275390625000
180,0.000000000000000000,0.000000000000000000,0.000000000000000000,0.003906250000000000,0.699218750000000000,0.000000000000000000,0.125000000000000000,0.171875000000000000
181,0.074218750000000000,0.011718750000000000,0.703125000000000000,0.011718750000000000,0.050781250000000000,0.066406250000000000,0.066406250000000000,0.015625000000000000
182,0.023895263671875000,0.960510253906250000,0.001327514648437500,0.000000000000000000,0.008911132812500000,0.002655029296875000,0.000411987304687500,0.002288818359375000
183,0.277374267578125000,0.073364257812500000,0.032562255859375000,0.030883789062500000,0.164947509765625000,0.004455566406250000,0.403778076171875000,0.012634277343750000
184,0.000000000000000000,0.000000000000000000,0.003906250000000000,0.007812500000000000,0.000000000000000000,0.921875000000000000,0.003906250000000000,0.062500000000000000
185,0.081237792968750000,0.046707153320312500,0.018127441406250000,0.056961059570312500,0.042770385742187500,0.016021728515625000,0.716873168945312500,0.021301269531250000
186,0.043823242187500000,0.012496948242187500,0.096191406250000000,0.087417602539062500,0.134735107421875000,0.524948120117187500,0.077545166015625000,0.022842407226562500
187,0.029541015625000000,0.052078247070312500,0.689682006835937500,0.037719726562500000,0.152099609375000000,0.010574340820312500,0.013626098632812500,0.014678955078125000
188,0.046463012695312500,0.080169677734375000,0.419937133789062500,0.103637695312500000,0.242660522460937500,0.015182495117187500,0.061065673828125000,0.030883789062500000
189,0.017929077148437500,0.004562377929687500,0.000488281250000000,0.000335693359375000,0.966033935546875000,0.003448486328125000,0.000839233398437500,0.006362915039062500
190,0.001480102539062500,0.000564575195312500,0.001571655273437500,0.975097656250000000,0.004211425781250000,0.005310058593750000,0.007217407226562500,0.004547119140625000
191,0.122863769531250000,0.011291503906250000,0.028274536132812500,0.064346313476562500,0.545013427734375000,0.045150756835937500,0.172348022460937500,0.010711669921875000
192,0.618362426757812500,0.029327392578125000,0.043014526367187500,0.056869506835937500,0.151107788085937500,0.067764282226562500,0.028411865234375000,0.005142211914062500
193,0.001922607421875000,0.000839233398437500,0.007354736328125000,0.009796142578125000,0.004547119140625000,0.951385498046875000,0.020416259765625000,0.003738403320312500
194,0.236480712890625000,0.017974853515625000,0.022476196289062500,0.031814575195312500,0.264434814453125000,0.054519653320312500,0.348083496093750000,0.024215698242187500
195,0.023941040039062500,0.888031005859375000,0.011581420898437500,0.019363403320312500,0.016265869140625000,0.005462646484375000,0.029113769531250000,0.006240844726562500
196,0.039062500000000000,0.031250000000000000,0.000000000000000000,0.855468750000000000,0.019531250000000000,0.011718750000000000,0.042968750000000000,0.000000000000000000
197,0.070220947265625000,0.047760009765625000,0.236785888671875000,0.114624023437500000,0.213073730468750000,0.049468994140625000,0.066360473632812500,0.201705932617187500
198,0.026611328125000000,0.014968872070312500,0.496612548828125000,0.062271118164062500,0.167800903320312500,0.141799926757812500,0.055419921875000000,0.034515380859375000
199,0.000000000000000000,0.000000000000000000,0.000000000000000000,0.000000000000000000,0.000000000000000000,1.000000000000000000,0.000000000000000000,0.000000000000000000
200,0.003906250000000000,0.003906250000000000,0.000000000000000000,0.000000000000000000,0.007812500000000000,0.000000000000000000,0.984375000000000000,0.000000000000000000
201,0.043060302734375000,0.027328491210937500,0.100433349609375000,0.064727783203125000,0.642333984375000000,0.010025024414062500,0.096527099609375000,0.015563964843750000
202,0.103607177734375000,0.083465576171875000,0.005523681640625000,0.001419067382812500,0.725616455078125000,0.023101806640625000,0.001266479492187500,0.055999755859375000
203,0.016143798828125000,0.004379272460937500,0.870697021484375000,0.045166015625000000,0.021621704101562500,0.006088256835937500,0.007812500000000000,0.028091430664062500
204,0.017333984375000000,0.009704589843750000,0.000000000000000000,0.000000000000000000,0.967407226562500000,0.000000000000000000,0.000000000000000000,0.005554199218750000
205,0.702423095703125000,0.027435302734375000,0.073547363281250000,0.035491943359375000,0.062438964843750000,0.067581176757812500,0.023071289062500000,0.008010864257812500
206,0.002105712890625000,0.002334594726562500,0.014190673828125000,0.949462890625000000,0.009429931640625000,0.005950927734375000,0.005157470703125000,0.011367797851562500
207,0.046890258789062500,0.027481079101562500,0.074432373046875000,0.119567871093750000,0.115982055664062500,0.484527587890625000,0.078750610351562500,0.052368164062500000
208,0.016403198242187500,0.035095214843750000,0.004913330078125000,0.835021972656250000,0.014099121093750000,0.028884887695312500,0.028137207031250000,0.037445068359375000
209,0.000000000000000000,0.000000000000000000,0.000000000000000000,0.003906250000000000,0.000000000000000000,0.007812500000000000,0.988281250000000000,0.000000000000000000
210,0.098602294921875000,0.075042724609375000,0.191406250000000000,0.125411987304687500,0.259735107421875000,0.090698242187500000,0.088897705078125000,0.070205688476562500
211,0.013763427734375000,0.033935546875000000,0.000534057617187500,0.020690917968750000,0.005432128906250000,0.878128051757812500,0.043914794921875000,0.003601074218750000
212,0.011993408203125000,0.004119873046875000,0.000244140625000000,0.004150390625000000,0.971130371093750000,0.006683349609375000,0.001678466796875000,0.000000000000000000
213,0.049697875976562500,0.043045043945312500,0.007980346679687500,0.817184448242187500,0.004043579101562500,0.004074096679687500,0.062286376953125000,0.011688232421875000
214,0.007812500000000000,0.003906250000000000,0.000000000000000000,0.007812500000000000,0.843750000000000000,0.085937500000000000,0.050781250000000000,0.000000000000000000
215,0.054534912109375000,0.133956909179687500,0.019073486328125000,0.496612548828125000,0.113265991210937500,0.127670288085937500,0.022872924804687500,0.032012939453125000
216,0.037796020507812500,0.012481689453125000,0.466186523437500000,0.003906250000000000,0.248397827148437500,0.110839843750000000,0.115280151367187500,0.005111694335937500
217,0.045150756835937500,0.034286499023437500,0.077529907226562500,0.082977294921875000,0.116088867187500000,0.264312744140625000,0.336914062500000000,0.042739868164062500
218,0.017395019531250000,0.004074096679687500,0.000000000000000000,0.023345947265625000,0.036590576171875000,0.891036987304687500,0.027236938476562500,0.000320434570312500
219,0.015625000000000000,0.000000000000000000,0.000000000000000000,0.000000000000000000,0.031250000000000000,0.011718750000000000,0.000000000000000000,0.941406250000000000
220,0.067672729492187500,0.027465820312500000,0.445785522460937500,0.013504028320312500,0.245239257812500000,0.072036743164062500,0.122436523437500000,0.005859375000000000
221,0.079437255859375000,0.011093139648437500,0.042907714843750000,0.507263183593750000,0.196182250976562500,0.078918457031250000,0.066879272460937500,0.017318725585937500
222,0.073486328125000000,0.834045410156250000,0.000000000000000000,0.000000000000000000,0.047088623046875000,0.002441406250000000,0.000000000000000000,0.042938232421875000
223,0.016281127929687500,0.935195922851562500,0.002655029296875000,0.012237548828125000,0.021041870117187500,0.002120971679687500,0.005157470703125000,0.005310058593750000
224,0.023193359375000000,0.002105712890625000,0.012374877929687500,0.785644531250000000,0.090454101562500000,0.025482177734375000,0.036514282226562500,0.024230957031250000
225,0.171554565429687500,0.016220092773437500,0.025985717773437500,0.027282714843750000,0.248321533203125000,0.038177490234375000,0.451477050781250000,0.020980834960937500
226,0.000000000000000000,0.019531250000000000,0.625000000000000000,0.023437500000000000,0.019531250000000000,0.195312500000000000,0.031250000000000000,0.085937500000000000
227,0.000350952148437500,0.000320434570312500,0.000183105468750000,0.007873535156250000,0.852920532226562500,0.083160400390625000,0.055191040039062500,0.000000000000000000
228,0.118087768554687500,0.474624633789062500,0.038330078125000000,0.119918823242187500,0.092620849609375000,0.073913574218750000,0.047515869140625000,0.034988403320312500
229,0.019836425781250000,0.060592651367187500,0.068908691406250000,0.568832397460937500,0.059722900390625000,0.027938842773437500,0.151412963867187500,0.042755126953125000
230,0.028320312500000000,0.950195312500000000,0.000000000000000000,0.000000000000000000,0.016723632812500000,0.000000000000000000,0.000000000000000000,0.004760742187500000
231,0.056304931640625000,0.005813598632812500,0.044860839843750000,0.093734741210937500,0.502380371093750000,0.107757568359375000,0.154708862304687500,0.034439086914062500
