Id,subject_1,subject_2,subject_3,subject_4,subject_5,subject_6,subject_7,subject_8
0,0.006443023681640625,0.007308959960937500,0.003280639648437500,0.000652313232421875,0.022407531738281250,0.019248962402343750,0.935817718505859375,0.004840850830078125
1,0.069480895996093750,0.077068328857421875,0.079257965087890625,0.121799468994140625,0.218593597412109375,0.099025726318359375,0.064079284667968750,0.270694732666015625
2,0.016883850097656250,0.062686920166015625,0.001018524169921875,0.053966522216796875,0.117790222167968750,0.315170288085937500,0.338481903076171875,0.094001770019531250
3,0.073802947998046875,0.702129364013671875,0.011135101318359375,0.108367919921875000,0.039264678955078125,0.002319335937500000,0.044914245605468750,0.018066406250000000
4,0.097492218017578125,0.068435668945312500,0.063354492187500000,0.071319580078125000,0.485187530517578125,0.017005920410156250,0.108863830566406250,0.088340759277343750
5,0.044528961181640625,0.008792877197265625,0.461673736572265625,0.019966125488281250,0.052993774414062500,0.291889190673828125,0.102039337158203125,0.018115997314453125
6,0.022373199462890625,0.062335968017578125,0.735511779785156250,0.020359039306640625,0.127777099609375000,0.016342163085937500,0.007427215576171875,0.007873535156250000
7,0.011718750000000000,0.039062500000000000,0.806640625000000000,0.003906250000000000,0.001953125000000000,0.019531250000000000,0.003906250000000000,0.113281250000000000
8,0.214942932128906250,0.253086090087890625,0.004837036132812500,0.002311706542968750,0.360412597656250000,0.052173614501953125,0.005645751953125000,0.106590270996093750
9,0.006114959716796875,0.013244628906250000,0.002315521240234375,0.895050048828125000,0.008815765380859375,0.021259307861328125,0.023471832275390625,0.029727935791015625
10,0.000957489013671875,0.011238098144531250,0.183609008789062500,0.559772491455078125,0.006710052490234375,0.003639221191406250,0.079704284667968750,0.154369354248046875
11,0.012062072753906250,0.023315429687500000,0.002159118652343750,0.103897094726562500,0.076881408691406250,0.019718170166015625,0.193355560302734375,0.568611145019531250
12,0.097908020019531250,0.322399139404296875,0.117198944091796875,0.165103912353515625,0.058883666992187500,0.058197021484375000,0.126613616943359375,0.053695678710937500
13,0.052028656005859375,0.019271850585937500,0.083580017089843750,0.081924438476562500,0.068592071533203125,0.653228759765625000,0.022670745849609375,0.018703460693359375
14,0.008968353271484375,0.023990631103515625,0.022182464599609375,0.157161712646484375,0.043434143066406250,0.044906616210937500,0.160037994384765625,0.539318084716796875
15,0.000000000000000000,0.990234375000000000,0.000000000000000000,0.001953125000000000,0.001953125000000000,0.001953125000000000,0.001953125000000000,0.001953125000000000
16,0.013156890869140625,0.028102874755859375,0.130882263183593750,0.196640014648437500,0.051284790039062500,0.031940460205078125,0.070976257324218750,0.477016448974609375
17,0.014316558837890625,0.004104614257812500,0.832878112792968750,0.056434631347656250,0.038848876953125000,0.029071807861328125,0.010417938232421875,0.013927459716796875
18,0.002468109130859375,0.002719879150390625,0.000270843505859375,0.000026702880859375,0.002624511718750000,0.008274078369140625,0.000232696533203125,0.983383178710937500
19,0.004135131835937500,0.002079010009765625,0.008396148681640625,0.970085144042968750,0.004001617431640625,0.003128051757812500,0.003597259521484375,0.004577636718750000
20,0.800045013427734375,0.044849395751953125,0.000102996826171875,0.000022888183593750,0.078483581542968750,0.009960174560546875,0.000190734863281250,0.066345214843750000
21,0.000869750976562500,0.000778198242187500,0.000000000000000000,0.000000000000000000,0.001579284667968750,0.996093750000000000,0.000000000000000000,0.000679016113281250
22,0.953540802001953125,0.016666412353515625,0.000373840332031250,0.000068664550781250,0.015747070312500000,0.000804901123046875,0.000228881835937500,0.012569427490234375
23,0.008117675781250000,0.008571624755859375,0.072517395019531250,0.430446624755859375,0.013713836669921875,0.041229248046875000,0.272197723388671875,0.153205871582031250
24,0.047256469726562500,0.031925201416015625,0.057437896728515625,0.034713745117187500,0.055873870849609375,0.613063812255859375,0.087867736816406250,0.071861267089843750
25,0.005859375000000000,0.013671875000000000,0.679687500000000000,0.015625000000000000,0.005859375000000000,0.177734375000000000,0.021484375000000000,0.080078125000000000
26,0.026714324951171875,0.003314971923828125,0.651378631591796875,0.006366729736328125,0.119983673095703125,0.107982635498046875,0.071758270263671875,0.012500762939453125
27,0.780605316162109375,0.022350311279296875,0.014755249023437500,0.068981170654296875,0.049430847167968750,0.043872833251953125,0.011184692382812500,0.008819580078125000
28,0.897140502929687500,0.021118164062500000,0.002746582031250000,0.000068664550781250,0.062366485595703125,0.004051208496093750,0.000995635986328125,0.011512756347656250
29,0.253761291503906250,0.060939788818359375,0.076175689697265625,0.117340087890625000,0.208057403564453125,0.068153381347656250,0.187221527099609375,0.028350830078125000
30,0.012557983398437500,0.009212493896484375,0.000347137451171875,0.000247955322265625,0.917724609375000000,0.011756896972656250,0.001468658447265625,0.046684265136718750
31,0.104541778564453125,0.036403656005859375,0.043273925781250000,0.101028442382812500,0.230537414550781250,0.243625640869140625,0.192306518554687500,0.048282623291015625
32,0.150321960449218750,0.162616729736328125,0.079196929931640625,0.179187774658203125,0.089199066162109375,0.036796569824218750,0.142898559570312500,0.159782409667968750
33,0.000000000000000000,0.000000000000000000,0.000000000000000000,0.000000000000000000,0.001953125000000000,0.998046875000000000,0.000000000000000000,0.000000000000000000
34,0.040046691894531250,0.021568298339843750,0.139427185058593750,0.545040130615234375,0.116703033447265625,0.067752838134765625,0.039772033691406250,0.029689788818359375
35,0.002281188964843750,0.003864288330078125,0.002368927001953125,0.014797210693359375,0.080501556396484375,0.061733245849609375,0.829601287841796875,0.004852294921875000
36,0.042575836181640625,0.010883331298828125,0.009174346923828125,0.238323211669921875,0.497734069824218750,0.132587432861328125,0.048053741455078125,0.020668029785156250
37,0.015312194824218750,0.005466461181640625,0.004787445068359375,0.028457641601562500,0.056762695312500000,0.024818420410156250,0.016281127929687500,0.848114013671875000
38,0.010162353515625000,0.000106811523437500,0.030021667480468750,0.013748168945312500,0.844535827636718750,0.014656066894531250,0.076736450195312500,0.010032653808593750
39,0.025810241699218750,0.013378143310546875,0.059570312500000000,0.051486968994140625,0.043930053710937500,0.032962799072265625,0.031230926513671875,0.741630554199218750
40,0.099483489990234375,0.032169342041015625,0.048503875732421875,0.005142211914062500,0.059154510498046875,0.033283233642578125,0.678127288818359375,0.044136047363281250
41,0.010360717773437500,0.000530242919921875,0.000167846679687500,0.010292053222656250,0.013294219970703125,0.007392883300781250,0.002807617187500000,0.955154418945312500
42,0.134010314941406250,0.024143218994140625,0.043804168701171875,0.035900115966796875,0.080265045166015625,0.040447235107421875,0.036705017089843750,0.604724884033203125
43,0.131340026855468750,0.769199371337890625,0.007583618164062500,0.003864288330078125,0.053897857666015625,0.017982482910156250,0.013656616210937500,0.002475738525390625
44,0.001983642578125000,0.000030517578125000,0.004001617431640625,0.000160217285156250,0.000122070312500000,0.000236511230468750,0.002094268798828125,0.991371154785156250
45,0.031612396240234375,0.008903503417968750,0.078220367431640625,0.034572601318359375,0.088657379150390625,0.356414794921875000,0.089900970458984375,0.311717987060546875
46,0.001953125000000000,0.001953125000000000,0.000000000000000000,0.003906250000000000,0.992187500000000000,0.000000000000000000,0.000000000000000000,0.000000000000000000
47,0.009353637695312500,0.005584716796875000,0.002990722656250000,0.131134033203125000,0.104965209960937500,0.029190063476562500,0.063873291015625000,0.652908325195312500
48,0.056838989257812500,0.701217651367187500,0.018379211425781250,0.102699279785156250,0.053565979003906250,0.029808044433593750,0.026313781738281250,0.011177062988281250
49,0.977519989013671875,0.001571655273437500,0.000999450683593750,0.009185791015625000,0.001064300537109375,0.006404876708984375,0.002510070800781250,0.000743865966796875
50,0.086635589599609375,0.023170471191406250,0.093246459960937500,0.063179016113281250,0.339962005615234375,0.245674133300781250,0.111526489257812500,0.036605834960937500
51,0.031562805175781250,0.041206359863281250,0.644622802734375000,0.027690887451171875,0.174957275390625000,0.013336181640625000,0.054702758789062500,0.011920928955078125
52,0.047237396240234375,0.049743652343750000,0.117427825927734375,0.181156158447265625,0.210865020751953125,0.046455383300781250,0.134914398193359375,0.212200164794921875
53,0.128898620605468750,0.793720245361328125,0.000366210937500000,0.000091552734375000,0.039054870605468750,0.001186370849609375,0.000404357910156250,0.036277770996093750
54,0.089897155761718750,0.051643371582031250,0.085628509521484375,0.092910766601562500,0.165306091308593750,0.210651397705078125,0.079128265380859375,0.224834442138671875
55,0.025390625000000000,0.001953125000000000,0.000000000000000000,0.003906250000000000,0.000000000000000000,0.007812500000000000,0.958984375000000000,0.001953125000000000
56,0.621990203857421875,0.010475158691406250,0.011318206787109375,0.099136352539062500,0.134243011474609375,0.044631958007812500,0.072116851806640625,0.006088256835937500
57,0.073677062988281250,0.058349609375000000,0.000606536865234375,0.000263214111328125,0.740440368652343750,0.010738372802734375,0.000354766845703125,0.115570068359375000
58,0.004684448242187500,0.001194000244140625,0.948844909667968750,0.025905609130859375,0.002742767333984375,0.004436492919921875,0.005706787109375000,0.006484985351562500
59,0.068618774414062500,0.018424987792968750,0.160701751708984375,0.065856933593750000,0.087532043457031250,0.341289520263671875,0.206737518310546875,0.050838470458984375
60,0.001953125000000000,0.007812500000000000,0.000000000000000000,0.007812500000000000,0.056640625000000000,0.007812500000000000,0.912109375000000000,0.005859375000000000
61,0.090229034423828125,0.612316131591796875,0.031307220458984375,0.065376281738281250,0.112415313720703125,0.034511566162109375,0.035617828369140625,0.018226623535156250
62,0.011119842529296875,0.028396606445312500,0.000583648681640625,0.016300201416015625,0.639938354492187500,0.037303924560546875,0.186149597167968750,0.080207824707031250
63,0.018905639648437500,0.000759124755859375,0.019645690917968750,0.028915405273437500,0.901752471923828125,0.011951446533203125,0.009159088134765625,0.008911132812500000
64,0.026176452636718750,0.015094757080078125,0.089519500732421875,0.114177703857421875,0.104221343994140625,0.075618743896484375,0.081008911132812500,0.494182586669921875
65,0.045360565185546875,0.838485717773437500,0.006172180175781250,0.027873992919921875,0.023452758789062500,0.007637023925781250,0.045906066894531250,0.005111694335937500
66,0.008106231689453125,0.018718719482421875,0.005947113037109375,0.832069396972656250,0.010250091552734375,0.021148681640625000,0.029727935791015625,0.074031829833984375
67,0.004974365234375000,0.001514434814453125,0.690559387207031250,0.225212097167968750,0.038722991943359375,0.016761779785156250,0.012699127197265625,0.009555816650390625
68,0.035396575927734375,0.012821197509765625,0.007373809814453125,0.021076202392578125,0.099037170410156250,0.152221679687500000,0.656047821044921875,0.016025543212890625
69,0.067100524902343750,0.013988494873046875,0.084430694580078125,0.090980529785156250,0.231868743896484375,0.448558807373046875,0.017578125000000000,0.045494079589843750
70,0.014152526855468750,0.005386352539062500,0.001144409179687500,0.000061035156250000,0.018356323242187500,0.011787414550781250,0.000808715820312500,0.948303222656250000
71,0.024581909179687500,0.938110351562500000,0.010528564453125000,0.003120422363281250,0.006259918212890625,0.010963439941406250,0.001831054687500000,0.004604339599609375
72,0.089630126953125000,0.022518157958984375,0.059886932373046875,0.024818420410156250,0.164581298828125000,0.070281982421875000,0.513496398925781250,0.054786682128906250
73,0.355472564697265625,0.007038116455078125,0.100521087646484375,0.085121154785156250,0.097507476806640625,0.207618713378906250,0.091342926025390625,0.055377960205078125
74,0.125850677490234375,0.002864837646484375,0.043190002441406250,0.009868621826171875,0.032218933105468750,0.739070892333984375,0.035366058349609375,0.011569976806640625
75,0.051738739013671875,0.073280334472656250,0.025207519531250000,0.100540161132812500,0.065834045410156250,0.017070770263671875,0.646068572998046875,0.020259857177734375
76,0.092418670654296875,0.162292480468750000,0.038265228271484375,0.018211364746093750,0.436759948730468750,0.009220123291015625,0.234542846679687500,0.008289337158203125
77,0.051044464111328125,0.371604919433593750,0.270290374755859375,0.045024871826171875,0.106632232666015625,0.068740844726562500,0.014595031738281250,0.072067260742187500
78,0.036960601806640625,0.009506225585937500,0.103397369384765625,0.055877685546875000,0.125152587890625000,0.186923980712890625,0.029857635498046875,0.452323913574218750
79,0.075050354003906250,0.642391204833984375,0.026779174804687500,0.052989959716796875,0.077095031738281250,0.061054229736328125,0.045722961425781250,0.018917083740234375
80,0.006893157958984375,0.000770568847656250,0.008659362792968750,0.007446289062500000,0.003555297851562500,0.028228759765625000,0.931407928466796875,0.013038635253906250
81,0.003948211669921875,0.975116729736328125,0.015731811523437500,0.002510070800781250,0.000221252441406250,0.000110626220703125,0.000301361083984375,0.002059936523437500
82,0.009914398193359375,0.952640533447265625,0.002635955810546875,0.009284973144531250,0.009292602539062500,0.007751464843750000,0.005416870117187500,0.003063201904296875
83,0.033115386962890625,0.014408111572265625,0.072216033935546875,0.096744537353515625,0.459827423095703125,0.193962097167968750,0.082122802734375000,0.047603607177734375
84,0.017848968505859375,0.954269409179687500,0.004085540771484375,0.007408142089843750,0.003364562988281250,0.005149841308593750,0.002368927001953125,0.005504608154296875
85,0.105850219726562500,0.049880981445312500,0.000000000000000000,0.000000000000000000,0.399497985839843750,0.216186523437500000,0.000000000000000000,0.228584289550781250
86,0.035717010498046875,0.039211273193359375,0.753280639648437500,0.020076751708984375,0.135532379150390625,0.010414123535156250,0.003990173339843750,0.001777648925781250
87,0.085376739501953125,0.704219818115234375,0.027599334716796875,0.040172576904296875,0.104412078857421875,0.013946533203125000,0.018554687500000000,0.005718231201171875
88,0.019821166992187500,0.006824493408203125,0.000675201416015625,0.344402313232421875,0.063388824462890625,0.386383056640625000,0.173984527587890625,0.004520416259765625
89,0.003723144531250000,0.008422851562500000,0.000228881835937500,0.004955291748046875,0.002391815185546875,0.974079132080078125,0.004901885986328125,0.001296997070312500
90,0.005374908447265625,0.010417938232421875,0.002193450927734375,0.760684967041015625,0.010833740234375000,0.089847564697265625,0.069122314453125000,0.051525115966796875
91,0.000278472900390625,0.000461578369140625,0.000000000000000000,0.000000000000000000,0.000785827636718750,0.998046875000000000,0.000000000000000000,0.000427246093750000
92,0.029235839843750000,0.100200653076171875,0.312461853027343750,0.080520629882812500,0.394500732421875000,0.016899108886718750,0.045627593994140625,0.020553588867187500
93,0.004104614257812500,0.002090454101562500,0.006076812744140625,0.002216339111328125,0.006427764892578125,0.010467529296875000,0.000198364257812500,0.968418121337890625
94,0.022312164306640625,0.106315612792968750,0.025554656982421875,0.767826080322265625,0.008960723876953125,0.009887695312500000,0.058685302734375000,0.000457763671875000
95,0.000213623046875000,0.000129699707031250,0.004081726074218750,0.009204864501953125,0.002796173095703125,0.001228332519531250,0.981765747070312500,0.000579833984375000
96,0.158916473388671875,0.044219970703125000,0.042671203613281250,0.098274230957031250,0.113636016845703125,0.144336700439453125,0.372440338134765625,0.025505065917968750
97,0.754310607910156250,0.033489227294921875,0.000160217285156250,0.082622528076171875,0.035423278808593750,0.057109832763671875,0.024631500244140625,0.012252807617187500
98,0.249420166015625000,0.034187316894531250,0.073558807373046875,0.055587768554687500,0.071540832519531250,0.029407501220703125,0.469120025634765625,0.017177581787109375
99,0.108592987060546875,0.142284393310546875,0.038185119628906250,0.118148803710937500,0.148761749267578125,0.089824676513671875,0.275028228759765625,0.079174041748046875
100,0.024108886718750000,0.014541625976562500,0.002265930175781250,0.032516479492187500,0.009880065917968750,0.008438110351562500,0.000541687011718750,0.907707214355468750
101,0.013164520263671875,0.949020385742187500,0.000873565673828125,0.025886535644531250,0.003261566162109375,0.005481719970703125,0.000747680664062500,0.001564025878906250
102,0.029148101806640625,0.060455322265625000,0.103652954101562500,0.123428344726562500,0.149112701416015625,0.362777709960937500,0.053367614746093750,0.118057250976562500
103,0.016635894775390625,0.001453399658203125,0.005390167236328125,0.010925292968750000,0.018245697021484375,0.007461547851562500,0.014148712158203125,0.925739288330078125
104,0.027164459228515625,0.013156890869140625,0.040893554687500000,0.140060424804687500,0.329925537109375000,0.113948822021484375,0.307987213134765625,0.026863098144531250
105,0.003250122070312500,0.005870819091796875,0.002269744873046875,0.012313842773437500,0.012611389160156250,0.948444366455078125,0.010604858398437500,0.004634857177734375
106,0.033596038818359375,0.010009765625000000,0.211906433105468750,0.021896362304687500,0.051136016845703125,0.507316589355468750,0.109458923339843750,0.054679870605468750
107,0.005886077880859375,0.006298065185546875,0.856719970703125000,0.075927734375000000,0.027858734130859375,0.009284973144531250,0.009525299072265625,0.008499145507812500
108,0.063747406005859375,0.618839263916015625,0.022533416748046875,0.025928497314453125,0.061347961425781250,0.101730346679687500,0.031906127929687500,0.073966979980468750
109,0.011631011962890625,0.005313873291015625,0.054946899414062500,0.037555694580078125,0.486690521240234375,0.051166534423828125,0.338825225830078125,0.013870239257812500
110,0.417949676513671875,0.010227203369140625,0.062297821044921875,0.115169525146484375,0.117031097412109375,0.163089752197265625,0.045963287353515625,0.068271636962890625
111,0.123241424560546875,0.065166473388671875,0.064468383789062500,0.148727416992187500,0.167396545410156250,0.247837066650390625,0.103740692138671875,0.079421997070312500
112,0.022548675537109375,0.009956359863281250,0.092090606689453125,0.108612060546875000,0.163536071777343750,0.160522460937500000,0.386302947998046875,0.056430816650390625
113,0.011718750000000000,0.000000000000000000,0.019531250000000000,0.003906250000000000,0.929687500000000000,0.009765625000000000,0.017578125000000000,0.007812500000000000
114,0.085937500000000000,0.007812500000000000,0.000000000000000000,0.046875000000000000,0.027343750000000000,0.027343750000000000,0.802734375000000000,0.001953125000000000
115,0.881298065185546875,0.009754180908203125,0.018268585205078125,0.008075714111328125,0.023574829101562500,0.053054809570312500,0.001968383789062500,0.004005432128906250
116,0.092365264892578125,0.051753997802734375,0.024284362792968750,0.145385742187500000,0.219066619873046875,0.018276214599609375,0.168159484863281250,0.280708312988281250
117,0.033912658691406250,0.028484344482421875,0.065628051757812500,0.126266479492187500,0.234413146972656250,0.162178039550781250,0.308429718017578125,0.040687561035156250
118,0.234260559082031250,0.192890167236328125,0.054222106933593750,0.132289886474609375,0.147377014160156250,0.061862945556640625,0.102470397949218750,0.074626922607421875
119,0.021545410156250000,0.942481994628906250,0.019721984863281250,0.005073547363281250,0.004394531250000000,0.002120971679687500,0.002510070800781250,0.002151489257812500
120,0.043254852294921875,0.140083312988281250,0.017414093017578125,0.045745849609375000,0.075347900390625000,0.117778778076171875,0.062232971191406250,0.498142242431640625
121,0.002056121826171875,0.000125885009765625,0.984981536865234375,0.004592895507812500,0.003967285156250000,0.000240325927734375,0.002094268798828125,0.001941680908203125
122,0.019012451171875000,0.018894195556640625,0.034893035888671875,0.123775482177734375,0.105506896972656250,0.092456817626953125,0.104244232177734375,0.501216888427734375
123,0.050605773925781250,0.050441741943359375,0.017673492431640625,0.734474182128906250,0.081794738769531250,0.010379791259765625,0.048706054687500000,0.005924224853515625
124,0.000045776367187500,0.000114440917968750,0.002250671386718750,0.000789642333984375,0.008316040039062500,0.003498077392578125,0.984230041503906250,0.000755310058593750
125,0.036331176757812500,0.012676239013671875,0.031742095947265625,0.091926574707031250,0.064456939697265625,0.063411712646484375,0.088012695312500000,0.611442565917968750
126,0.083835601806640625,0.005542755126953125,0.100498199462890625,0.018245697021484375,0.046916961669921875,0.656379699707031250,0.077426910400390625,0.011154174804687500
127,0.016136169433593750,0.025741577148437500,0.057430267333984375,0.204677581787109375,0.068572998046875000,0.063465118408203125,0.103183746337890625,0.460792541503906250
128,0.012252807617187500,0.951351165771484375,0.001834869384765625,0.014179229736328125,0.007137298583984375,0.003273010253906250,0.007637023925781250,0.002334594726562500
129,0.079654693603515625,0.128803253173828125,0.046657562255859375,0.048362731933593750,0.308414459228515625,0.353389739990234375,0.014255523681640625,0.020462036132812500
130,0.004116058349609375,0.000270843505859375,0.000976562500000000,0.012813568115234375,0.004150390625000000,0.023071289062500000,0.951622009277343750,0.002979278564453125
131,0.313030242919921875,0.066165924072265625,0.093471527099609375,0.037578582763671875,0.249282836914062500,0.092929840087890625,0.115726470947265625,0.031814575195312500
132,0.035747528076171875,0.002597808837890625,0.020103454589843750,0.808563232421875000,0.069293975830078125,0.016799926757812500,0.016227722167968750,0.030666351318359375
133,0.022853851318359375,0.006713867187500000,0.076938629150390625,0.496852874755859375,0.151969909667968750,0.067588806152343750,0.068969726562500000,0.108112335205078125
134,0.020366668701171875,0.031429290771484375,0.223163604736328125,0.405345916748046875,0.067085266113281250,0.038814544677734375,0.116420745849609375,0.097373962402343750
135,0.050937652587890625,0.042800903320312500,0.046089172363281250,0.610988616943359375,0.102527618408203125,0.009872436523437500,0.116630554199218750,0.020153045654296875
136,0.040042877197265625,0.078819274902343750,0.030529022216796875,0.075546264648437500,0.119312286376953125,0.037494659423828125,0.079780578613281250,0.538475036621093750
137,0.009765625000000000,0.000000000000000000,0.001953125000000000,0.931640625000000000,0.009765625000000000,0.029296875000000000,0.007812500000000000,0.009765625000000000
138,0.080158233642578125,0.002124786376953125,0.048610687255859375,0.017936706542968750,0.019226074218750000,0.800849914550781250,0.027618408203125000,0.003475189208984375
139,0.021133422851562500,0.010055541992187500,0.094692230224609375,0.080463409423828125,0.155475616455078125,0.136028289794921875,0.058944702148437500,0.443206787109375000
140,0.001979827880859375,0.000015258789062500,0.007923126220703125,0.002079010009765625,0.002029418945312500,0.004142761230468750,0.002086639404296875,0.979743957519531250
141,0.000701904296875000,0.001945495605468750,0.006164550781250000,0.004341125488281250,0.986465454101562500,0.000190734863281250,0.000068664550781250,0.000122070312500000
142,0.041767120361328125,0.059471130371093750,0.022701263427734375,0.029155731201171875,0.025588989257812500,0.763500213623046875,0.030780792236328125,0.027034759521484375
143,0.097766876220703125,0.008731842041015625,0.017173767089843750,0.113636016845703125,0.294113159179687500,0.179031372070312500,0.242511749267578125,0.047035217285156250
144,0.023857116699218750,0.014919281005859375,0.024711608886718750,0.143447875976562500,0.102058410644531250,0.054027557373046875,0.071601867675781250,0.565376281738281250
145,0.011718750000000000,0.001953125000000000,0.000000000000000000,0.001953125000000000,0.000000000000000000,0.001953125000000000,0.982421875000000000,0.000000000000000000
146,0.012592315673828125,0.003112792968750000,0.088027954101562500,0.034648895263671875,0.029914855957031250,0.132282257080078125,0.084995269775390625,0.614425659179687500
147,0.105381011962890625,0.026050567626953125,0.137207031250000000,0.023834228515625000,0.373703002929687500,0.132484436035156250,0.178752899169921875,0.022586822509765625
148,0.055328369140625000,0.494316101074218750,0.100658416748046875,0.074314117431640625,0.046985626220703125,0.123214721679687500,0.052494049072265625,0.052688598632812500
149,0.091430664062500000,0.029167175292968750,0.015361785888671875,0.597236633300781250,0.058208465576171875,0.081069946289062500,0.089336395263671875,0.038188934326171875
150,0.108623504638671875,0.064250946044921875,0.000751495361328125,0.000156402587890625,0.092769622802734375,0.536766052246093750,0.000446319580078125,0.196235656738281250
151,0.906250000000000000,0.013671875000000000,0.000000000000000000,0.017578125000000000,0.019531250000000000,0.025390625000000000,0.011718750000000000,0.005859375000000000
152,0.009765625000000000,0.019531250000000000,0.003906250000000000,0.951171875000000000,0.009765625000000000,0.001953125000000000,0.001953125000000000,0.001953125000000000
153,0.062305450439453125,0.039333343505859375,0.012542724609375000,0.820178985595703125,0.012454986572265625,0.002399444580078125,0.046772003173828125,0.004013061523437500
154,0.247966766357421875,0.038703918457031250,0.043506622314453125,0.308582305908203125,0.176212310791015625,0.088386535644531250,0.065071105957031250,0.031570434570312500
155,0.106258392333984375,0.152027130126953125,0.043144226074218750,0.477573394775390625,0.100692749023437500,0.027946472167968750,0.071411132812500000,0.020946502685546875
156,0.892009735107421875,0.029895782470703125,0.000656127929687500,0.018337249755859375,0.014247894287109375,0.012908935546875000,0.023136138916015625,0.008808135986328125
157,0.947765350341796875,0.010562896728515625,0.000446319580078125,0.000461578369140625,0.025417327880859375,0.003059387207031250,0.000431060791015625,0.011856079101562500
158,0.119052886962890625,0.588928222656250000,0.028812408447265625,0.016208648681640625,0.030059814453125000,0.115371704101562500,0.057327270507812500,0.044239044189453125
159,0.119876861572265625,0.083984375000000000,0.074295043945312500,0.188499450683593750,0.396057128906250000,0.030040740966796875,0.055316925048828125,0.051929473876953125
160,0.957954406738281250,0.001575469970703125,0.010662078857421875,0.006374359130859375,0.007106781005859375,0.010780334472656250,0.004055023193359375,0.001491546630859375
161,0.035156250000000000,0.005859375000000000,0.000000000000000000,0.021484375000000000,0.019531250000000000,0.019531250000000000,0.898437500000000000,0.000000000000000000
162,0.003131866455078125,0.001316070556640625,0.016063690185546875,0.931285858154296875,0.023155212402343750,0.010898590087890625,0.006275177001953125,0.007873535156250000
163,0.846420288085937500,0.035278320312500000,0.000129699707031250,0.031539916992187500,0.025444030761718750,0.029357910156250000,0.021915435791015625,0.009914398193359375
164,0.020290374755859375,0.938129425048828125,0.003421783447265625,0.016574859619140625,0.009002685546875000,0.004543304443359375,0.005252838134765625,0.002784729003906250
165,0.007610321044921875,0.014095306396484375,0.443199157714843750,0.027774810791015625,0.498584747314453125,0.003242492675781250,0.001598358154296875,0.003894805908203125
166,0.171993255615234375,0.098579406738281250,0.036834716796875000,0.067565917968750000,0.225620269775390625,0.220813751220703125,0.106227874755859375,0.072364807128906250
167,0.022693634033203125,0.940319061279296875,0.000892639160156250,0.000320434570312500,0.011337280273437500,0.003467559814453125,0.000324249267578125,0.020645141601562500
168,0.033149719238281250,0.012027740478515625,0.000240325927734375,0.000370025634765625,0.927936553955078125,0.004440307617187500,0.000610351562500000,0.021224975585937500
169,0.091796875000000000,0.015625000000000000,0.007812500000000000,0.775390625000000000,0.056640625000000000,0.011718750000000000,0.003906250000000000,0.037109375000000000
170,0.042831420898437500,0.878417968750000000,0.005744934082031250,0.019348144531250000,0.018135070800781250,0.020172119140625000,0.005886077880859375,0.009464263916015625
171,0.004173278808593750,0.000419616699218750,0.009910583496093750,0.016666412353515625,0.030540466308593750,0.843822479248046875,0.076400756835937500,0.018066406250000000
172,0.000061035156250000,0.000221252441406250,0.000148773193359375,0.011890411376953125,0.007991790771484375,0.003265380859375000,0.004383087158203125,0.972038269042968750
173,0.027439117431640625,0.021224975585937500,0.158977508544921875,0.105823516845703125,0.090747833251953125,0.082160949707031250,0.032764434814453125,0.480861663818359375
174,0.043201446533203125,0.049446105957031250,0.025978088378906250,0.080417633056640625,0.105930328369140625,0.090843200683593750,0.108039855957031250,0.496143341064453125
175,0.000000000000000000,0.000000000000000000,0.000000000000000000,0.000000000000000000,0.000000000000000000,0.000000000000000000,0.000000000000000000,1.000000000000000000
176,0.034282684326171875,0.094947814941406250,0.298992156982421875,0.106700897216796875,0.385574340820312500,0.014228820800781250,0.041435241699218750,0.023838043212890625
177,0.007682800292968750,0.000724792480468750,0.018802642822265625,0.029994964599609375,0.818595886230468750,0.017997741699218750,0.097713470458984375,0.008487701416015625
178,0.000427246093750000,0.000205993652343750,0.000095367431640625,0.001964569091796875,0.011775970458984375,0.955867767333984375,0.027347564697265625,0.002315521240234375
179,0.117168426513671875,0.624343872070312500,0.043277740478515625,0.038341522216796875,0.095062255859375000,0.026603698730468750,0.037574768066406250,0.017627716064453125
180,0.004753112792968750,0.007644653320312500,0.000160217285156250,0.023803710937500000,0.687271118164062500,0.006191253662109375,0.095748901367187500,0.174427032470703125
181,0.106376647949218750,0.005970001220703125,0.669754028320312500,0.006435394287109375,0.078502655029296875,0.058540344238281250,0.062656402587890625,0.011764526367187500
182,0.019802093505859375,0.957683563232421875,0.001049041748046875,0.000057220458984375,0.011947631835937500,0.002292633056640625,0.000247955322265625,0.006919860839843750
183,0.299514770507812500,0.112995147705078125,0.045234680175781250,0.043308258056640625,0.142673492431640625,0.010707855224609375,0.330722808837890625,0.014842987060546875
184,0.002101898193359375,0.000171661376953125,0.000381469726562500,0.004325866699218750,0.000679016113281250,0.912372589111328125,0.000045776367187500,0.079921722412109375
185,0.074890136718750000,0.041400909423828125,0.017257690429687500,0.064624786376953125,0.068214416503906250,0.019886016845703125,0.699367523193359375,0.014358520507812500
186,0.074871063232421875,0.009086608886718750,0.119518280029296875,0.074024200439453125,0.132938385009765625,0.486801147460937500,0.080333709716796875,0.022426605224609375
187,0.028778076171875000,0.057891845703125000,0.683338165283203125,0.027378082275390625,0.168003082275390625,0.008491516113281250,0.013217926025390625,0.012901306152343750
188,0.031532287597656250,0.094600677490234375,0.370246887207031250,0.091472625732421875,0.321876525878906250,0.022949218750000000,0.047435760498046875,0.019886016845703125
189,0.016838073730468750,0.018871307373046875,0.000282287597656250,0.000160217285156250,0.953292846679687500,0.005435943603515625,0.000354766845703125,0.004764556884765625
190,0.002735137939453125,0.002944946289062500,0.001308441162109375,0.976833343505859375,0.006965637207031250,0.006759643554687500,0.001689910888671875,0.000762939453125000
191,0.139572143554687500,0.030071258544921875,0.019603729248046875,0.083305358886718750,0.495555877685546875,0.047378540039062500,0.155914306640625000,0.028598785400390625
192,0.606494903564453125,0.024379730224609375,0.046672821044921875,0.046611785888671875,0.160289764404296875,0.080284118652343750,0.024459838867187500,0.010807037353515625
193,0.004455566406250000,0.002662658691406250,0.007888793945312500,0.003940582275390625,0.003528594970703125,0.956130981445312500,0.019828796386718750,0.001564025878906250
194,0.252582550048828125,0.027309417724609375,0.036891937255859375,0.026679992675781250,0.280639648437500000,0.038074493408203125,0.308589935302734375,0.029232025146484375
195,0.033901214599609375,0.852741241455078125,0.008094787597656250,0.038490295410156250,0.024341583251953125,0.007293701171875000,0.026546478271484375,0.008590698242187500
196,0.034591674804687500,0.048892974853515625,0.009872436523437500,0.855770111083984375,0.029304504394531250,0.002033233642578125,0.019504547119140625,0.000030517578125000
197,0.043907165527343750,0.040943145751953125,0.300338745117187500,0.116939544677734375,0.220500946044921875,0.037216186523437500,0.064136505126953125,0.176017761230468750
198,0.033542633056640625,0.023292541503906250,0.411205291748046875,0.065849304199218750,0.211429595947265625,0.163776397705078125,0.044281005859375000,0.046623229980468750
199,0.000000000000000000,0.000000000000000000,0.000000000000000000,0.000000000000000000,0.000000000000000000,1.000000000000000000,0.000000000000000000,0.000000000000000000
200,0.005859375000000000,0.001953125000000000,0.000000000000000000,0.003906250000000000,0.003906250000000000,0.003906250000000000,0.980468750000000000,0.000000000000000000
201,0.047142028808593750,0.023513793945312500,0.078823089599609375,0.084491729736328125,0.617675781250000000,0.006626129150390625,0.118396759033203125,0.023330688476562500
202,0.107257843017578125,0.071067810058593750,0.004291534423828125,0.001724243164062500,0.733295440673828125,0.008262634277343750,0.001766204833984375,0.072334289550781250
203,0.002754211425781250,0.002281188964843750,0.871925354003906250,0.046890258789062500,0.021583557128906250,0.011608123779296875,0.017131805419921875,0.025825500488281250
204,0.013900756835937500,0.002853393554687500,0.000000000000000000,0.000000000000000000,0.970672607421875000,0.001937866210937500,0.000000000000000000,0.010635375976562500
205,0.720878601074218750,0.017826080322265625,0.068328857421875000,0.035659790039062500,0.057788848876953125,0.076705932617187500,0.010231018066406250,0.012580871582031250
206,0.005081176757812500,0.001956939697265625,0.011795043945312500,0.934398651123046875,0.021911621093750000,0.007247924804687500,0.011074066162109375,0.006534576416015625
207,0.046855926513671875,0.018386840820312500,0.079757690429687500,0.096080780029296875,0.132511138916015625,0.486862182617187500,0.078453063964843750,0.061092376708984375
208,0.018280029296875000,0.036624908447265625,0.005039215087890625,0.824630737304687500,0.022602081298828125,0.039405822753906250,0.026916503906250000,0.026500701904296875
209,0.000000000000000000,0.000000000000000000,0.000000000000000000,0.001953125000000000,0.011718750000000000,0.017578125000000000,0.968750000000000000,0.000000000000000000
210,0.102096557617187500,0.068923950195312500,0.186988830566406250,0.110759735107421875,0.278766632080078125,0.102039337158203125,0.079528808593750000,0.070896148681640625
211,0.004055023193359375,0.027019500732421875,0.001693725585937500,0.034667968750000000,0.007328033447265625,0.883358001708984375,0.026657104492187500,0.015220642089843750
212,0.004329681396484375,0.000320434570312500,0.000362396240234375,0.004390716552734375,0.973171234130859375,0.005813598632812500,0.005382537841796875,0.006229400634765625
213,0.050193786621093750,0.039134979248046875,0.011821746826171875,0.849922180175781250,0.017616271972656250,0.003978729248046875,0.025356292724609375,0.001976013183593750
214,0.001953125000000000,0.000000000000000000,0.000000000000000000,0.007812500000000000,0.849609375000000000,0.083984375000000000,0.050781250000000000,0.005859375000000000
215,0.054950714111328125,0.121376037597656250,0.017475128173828125,0.494049072265625000,0.133876800537109375,0.113052368164062500,0.029521942138671875,0.035697937011718750
216,0.024234771728515625,0.014434814453125000,0.518718719482421875,0.013957977294921875,0.238853454589843750,0.073352813720703125,0.109676361083984375,0.006771087646484375
217,0.046524047851562500,0.037239074707031250,0.076786041259765625,0.081607818603515625,0.104270935058593750,0.240085601806640625,0.364364624023437500,0.049121856689453125
218,0.011718750000000000,0.001953125000000000,0.000000000000000000,0.023437500000000000,0.042968750000000000,0.888671875000000000,0.027343750000000000,0.003906250000000000
219,0.010589599609375000,0.005054473876953125,0.000000000000000000,0.000000000000000000,0.016288757324218750,0.005779266357421875,0.000000000000000000,0.962287902832031250
220,0.044754028320312500,0.012279510498046875,0.526741027832031250,0.010162353515625000,0.228061676025390625,0.078491210937500000,0.090599060058593750,0.008911132812500000
221,0.099170684814453125,0.008235931396484375,0.046562194824218750,0.516063690185546875,0.205341339111328125,0.064807891845703125,0.044246673583984375,0.015571594238281250
222,0.072330474853515625,0.855632781982421875,0.000774383544921875,0.000347137451171875,0.032875061035156250,0.004444122314453125,0.000568389892578125,0.033027648925781250
223,0.013484954833984375,0.931041717529296875,0.004882812500000000,0.015293121337890625,0.018882751464843750,0.004108428955078125,0.008327484130859375,0.003978729248046875
224,0.013183593750000000,0.004695892333984375,0.019100189208984375,0.743778228759765625,0.097404479980468750,0.031291961669921875,0.050949096679687500,0.039596557617187500
225,0.185577392578125000,0.014282226562500000,0.038215637207031250,0.010375976562500000,0.232543945312500000,0.017547607421875000,0.486732482910156250,0.014724731445312500
226,0.005859375000000000,0.017578125000000000,0.662109375000000000,0.021484375000000000,0.009765625000000000,0.187500000000000000,0.013671875000000000,0.082031250000000000
227,0.004261016845703125,0.000289916992187500,0.000072479248046875,0.002044677734375000,0.855476379394531250,0.088466644287109375,0.049213409423828125,0.000175476074218750
228,0.091281890869140625,0.471343994140625000,0.046241760253906250,0.155830383300781250,0.094593048095703125,0.063041687011718750,0.043048858642578125,0.034618377685546875
229,0.016712188720703125,0.056583404541015625,0.096191406250000000,0.538501739501953125,0.056152343750000000,0.021419525146484375,0.176074981689453125,0.038364410400390625
230,0.032894134521484375,0.946414947509765625,0.000438690185546875,0.000144958496093750,0.016479492187500000,0.001476287841796875,0.000526428222656250,0.001625061035156250
231,0.059719085693359375,0.002986907958984375,0.032245635986328125,0.100261688232421875,0.531669616699218750,0.104522705078125000,0.141704559326171875,0.026889801025390625
